### define constants


###  TODO: need a Frad

Fsun <- 340# W m-2

Le <- 2.501e6
cp <- 1e3
cps <- 1e3

rhoU <- .72
rhoL <- 1.2 
rhoW <- 1e3 
rhoS <- 1.8e3 

hU <- 10e3 
hL <- 1e3

ZT <- .1 
ZD <- 4
Z0 <- 10

n <- .4
 
W0 <- 5

Beta <- 2

emissU <- .25
emissL <- .22 
emissW <- .6 
emissS <- .85 

alphaE <- .25
alphaV <- .18
Shade <- .5

tauT <- 180
tauD <- 360

### TODO: need a T0
